// generated by esys.pycad
General.Terminal = 1;
General.ExpertMode = 1;
Mesh.Optimize = 1;
Mesh.CharacteristicLengthFromCurvature = 0;
Mesh.SubdivisionAlgorithm = 0;
Mesh.Smoothing = 1;
Mesh.RandomFactor = 1.00000000000000e-09;
Mesh.Algorithm = 1; // = MeshAdapt
Mesh.Algorithm3D = 4; // = Frontal
Point(1) = {0.00000000000000e+00, 0.00000000000000e+00, 0.00000000000000e+00, 5.00000000000000e+02};
Point(2) = {1.00000000000000e+04, 0.00000000000000e+00, 0.00000000000000e+00, 5.00000000000000e+02};
Point(3) = {1.00000000000000e+04, 1.00000000000000e+04, 0.00000000000000e+00, 5.00000000000000e+02};
Point(4) = {0.00000000000000e+00, 1.00000000000000e+04, 0.00000000000000e+00, 5.00000000000000e+02};
Line(5) = {1, 2};
Line(6) = {2, 3};
Line(7) = {3, 4};
Line(8) = {4, 1};
Line Loop(9) = {5, 6, 7, 8};
Point(10) = {4.50000000000000e+03, 4.50000000000000e+03, 0.00000000000000e+00, 5.00000000000000e+02};
Point(11) = {5.50000000000000e+03, 4.50000000000000e+03, 0.00000000000000e+00, 5.00000000000000e+02};
Point(12) = {5.50000000000000e+03, 5.50000000000000e+03, 0.00000000000000e+00, 5.00000000000000e+02};
Point(13) = {4.50000000000000e+03, 5.50000000000000e+03, 0.00000000000000e+00, 5.00000000000000e+02};
Line(14) = {10, 11};
Line(15) = {11, 12};
Line(16) = {12, 13};
Line(17) = {13, 10};
Line Loop(18) = {14, 15, 16, 17};
Plane Surface(20) = {9, 18};
Physical Surface(21) = {20};
Physical Line(22) = {6, 7, 8};
